510 31.925 49.0099 9.2481 75.7569
501 55.4024 53.6446 18.3501 111.1939
520 25.2284 59.7677 3.9254 92.2869    
540 37.6943 57.6815 0.4595 47.1237   
560 195.2453 88.7476 5.9777 46.9374
490 64.286 56.9143 60.0832 192.6163
480 31.2194 28.9764 113.0553 165.7839
571 479.5498 136.8059 8.2467 97.4589
580 272.5965 45.3698 1.3651 100.371
590 263.4912 25.8089 2.4505 127.0179
600 417.3631 25.7915 0.5804 264.9539
630 341.6295 6.5816 0.0 129.0119
640 605.3964 13.9968 0.2957 327.9293
650 946.2776 27.115 0.3748 963.5851
660 585.0478 15.9853 0.4264 859.5127
670 294.1295 9.6348 0.0094 342.4317
680 367.3851 10.4296 0.0 1300.7179
625 220.5187 3.4465 0.0396 265.5624
635 278.4879 5.9816 0.0873 100.0088