549 36.9342 118.5804 5.8057 116.5983
550 40.076 117.4825 5.907 116.5902
551 44.0983 115.9436 5.94 116.5881
552 48.1319 114.3493 5.98 116.5852
553 52.1852 112.6958 5.9777 116.5859
554 48.1252 114.5768 5.9211 116.5914
555 51.8988 112.943 5.973 116.587
556 55.6618 111.2604 6.0107 116.5833
557 50.8973 113.2911 6.0861 116.5763
558 54.7554 111.4529 6.0931 116.5751
559 58.5701 109.573 6.1167 116.5721
560 62.3387 107.6492 6.152 116.5678
561 66.5703 105.4528 6.0931 116.5719
562 70.8087 103.1913 6.0248 116.5765
563 75.0398 100.8728 5.9423 116.5823
564 79.8909 98.223 5.808 116.5927
565 84.7758 95.5036 5.6949 116.6009
567 83.9257 94.5982 5.6431 116.6006
568 88.5039 91.8524 5.5606 116.6053
569 93.0771 89.0537 5.4711 116.6107
570 86.7929 90.9977 5.5583 116.5991
571 91.3773 88.0816 5.4263 116.6081
572 96.0383 85.0767 5.2473 116.6217
573 100.7661 81.99 5.0493 116.6369
574 105.5604 78.824 4.8302 116.6544
575 110.4048 75.5879 4.6134 116.6719
577 108.4344 74.1323 4.5003 116.6745
578 113.1595 70.8108 4.2742 116.693
579 117.9093 67.431 4.0503 116.7114
580 110.8037 69.2426 4.187 116.6925
582 119.6912 62.5142 3.8312 116.72
583 124.3004 59.0134 3.6663 116.7326
584 128.3098 55.7412 3.4024 116.7563
585 132.4154 52.3934 3.1055 116.7842
586 136.552 49.0016 2.7733 116.8169
587 128.954 50.7685 2.884 116.7993
589 137.7032 43.6504 2.2832 116.8601
590 130.4541 45.2027 2.3986 116.842
591 134.1101 41.9227 2.1866 116.8633
592 137.9164 38.5647 1.9227 116.8916
593 141.8819 35.1244 1.6894 116.9168
595 144.9686 30.3489 17.1932 114.8792
596 148.6573 26.9956 0.0 116.9353
597 141.1578 28.578 1.5386 116.9211
598 144.1229 25.5286 0.0 116.9346
599 146.0714 22.9241 13.5788 115.2114
600 139.7923 23.9539 14.2857 115.0706
602 142.6375 19.2063 0.0 116.949
603 143.6576 17.0109 0.0 116.9567
604 136.682 18.3498 0.0 116.9401
605 138.4076 15.8425 0.0 116.9491
606 140.3116 13.2562 0.0 116.9581
607 134.693 13.997 0.0 116.9465
608 134.1827 12.4853 0.0 116.95
609 133.7495 10.9486 0.0 116.9552
610 133.4068 9.3837 0.0 116.9634
611 126.5094 10.7293 0.0 116.9542
612 126.7507 8.9326 0.0 116.9641
613 127.081 7.1079 0.0 116.9719
614 139.3894 0.0 0.0 117.1303
615 135.6377 0.0 0.0 117.1303
616 131.9113 0.0 0.0 117.1303
617 128.2085 0.0 0.0 117.1303
619 120.8295 0.0 0.0 117.1303
621 113.4161 0.0 0.0 117.1303
622 109.6987 0.0 0.0 117.1303
623 105.9942 0.0 0.0 117.1303
624 102.3179 0.0 0.0 117.1303
625 98.6844 0.0 0.0 117.1303
626 95.0992 0.0 0.0 117.1303
629 84.6121 2.8524 0.0 108.2093
630 81.3662 2.6965 0.0 108.3592
631 78.2092 2.8308 0.0 107.5523
632 75.1613 2.9671 0.0 106.6863
633 72.2114 3.1061 0.0 105.7532
634 69.3926 2.6741 0.0 106.9331
635 66.5799 2.9444 0.0 105.4336
636 63.8415 3.2168 0.0 103.8099
637 61.2005 3.1188 0.0 103.6575
638 58.6207 3.1185 0.0 103.0672
639 56.1091 3.125 0.0 102.4089
640 53.6588 3.1384 0.0 101.6711
642 48.9562 2.9477 0.0 101.215
643 46.6814 3.0335 0.0 99.9589
644 44.4916 2.9357 0.0 99.6935
645 42.3755 2.8268 0.0 99.4987
652 29.5709 0.0 0.0 117.1303
653 28.014 0.0 0.0 117.1303
654 26.5202 0.0 0.0 117.1303
655 25.086 0.0 0.0 117.1303
658 21.1233 0.0 0.0 117.1303
480.0 5.7165 12.6325 59.2915 101.4635
482.0 6.3494 14.6561 54.8571 101.0535
483.0 6.6797 15.7025 52.6564 100.8648
484.0 7.0077 17.035 48.0877 100.722
485.0 7.3335 18.3789 43.8301 100.6265
486.0 7.6598 19.7414 39.8575 100.5719
488.0 8.3569 21.1005 46.3324 100.4844
489.0 8.7688 22.4146 44.3673 100.3772
490.0 9.1857 23.8055 42.2656 100.3058
491.0 9.4068 25.5649 37.3105 100.6229
492.0 9.6178 27.3905 32.3907 100.9683
493.0 9.8536 29.2497 27.8079 101.28
494.0 9.9954 30.9137 25.7203 101.7423
495.0 10.136 32.6758 23.3382 102.1967
497.0 11.133 35.6862 25.3221 102.1042
499.0 11.7384 39.5326 22.7162 102.6372
500.0 12.0766 41.628 21.4297 102.8849
501.0 12.2921 43.8289 20.4071 103.2909
502.0 12.5211 46.1477 19.4033 103.6803
504.0 12.6004 51.1363 16.6819 104.7983
505.0 12.4772 53.7617 14.9996 105.4588
506.0 12.3759 56.4264 13.3502 106.0521
507.0 13.7741 58.6961 15.8949 105.319
508.0 13.7353 61.3968 14.8747 105.8372
509.0 13.688 64.1583 13.8757 106.3317
510.0 13.6486 66.9871 12.9002 106.7919
511.0 13.4027 69.8736 12.0331 107.3773
512.0 13.1591 72.8143 11.1331 107.9227
513.0 12.9099 75.7895 10.2094 108.4354
515.0 11.0149 81.7366 8.5907 110.2302
516.0 10.0263 84.7174 7.5728 111.0606
517.0 11.892 87.3699 9.4295 110.1631
518.0 11.088 90.2877 8.2632 110.8332
519.0 10.2261 93.1687 6.6751 111.4907
520.0 12.6561 95.5934 8.3645 110.3389
521.0 11.6782 98.1643 7.4197 111.02
523.0 9.5987 102.9988 5.1082 112.3307
524.0 0.0 105.694 0.0 117.1303
525.0 0.0 107.7815 0.0 117.1303
526.0 0.0 109.8078 0.0 117.1303
528.0 0.0 113.6391 0.0 117.1303